asym                                                    Fri Aug 23 21:06:57 2024
  13  667   40    0     0.0000E+00     2.0000E+05    -1.0000E+00 1.0000000000
s   3  1  0  52  0  1  1  1  1  -1   1
        10000   3.119733870309233E+03 1.00000000E+36 /A
        20000   1.802361444247091E+03 1.00000000E+36 /B
        30000   1.285296754588749E+03 1.00000000E+36 /C
    110010000   2.779119558367535E+00 1.00000000E+36 /1.5chi.aa
    110040000   1.449713099143323E+00 1.00000000E+36 /0.25chi.bb
    110610000  -4.367804853319603E-02 1.00000000E-37 /chi.ab
    110410000  -1.012472958502648E+01 1.00000000E-37 /chi.ac
    110210000   2.931074648827609E+00 1.00000000E-37 /chi.bc
          200  -1.570200107163547E-04 1.00000000E+36 /-DJ
         1100  -4.877193541992143E-03 1.00000000E+36 /-DJK
         2000   4.085672571849629E-03 1.00000000E+36 /-DK
        40100  -1.611475153898005E-05 1.00000000E+36 /d1
        50000  -5.171552147336449E-05 1.00000000E+36 /d2
