asym                                                    Tue Aug 27 19:53:24 2024
  13  354   40    0     0.0000E+00     2.0000E+05    -1.0000E+00 1.0000000000
s   3  1  0  52  0  1  1  1  1  -1   1
        10000   3.119733675717874E+03 1.00000000E+36 /A
        20000   1.802360707664949E+03 1.00000000E+36 /B
        30000   1.285295644652561E+03 1.00000000E+36 /C
    110010000   2.631007850826430E+00 1.00000000E+36 /1.5chi.aa
    110040000   1.433753629972327E+00 1.00000000E+36 /0.25chi.bb
    110610000  -4.367804853319603E-02 1.00000000E-37 /chi.ab
    110410000  -1.012472958502648E+01 1.00000000E-37 /chi.ac
    110210000   2.931074648827609E+00 1.00000000E-37 /chi.bc
          200  -1.536383474026076E-04 1.00000000E+36 /-DJ
         1100  -4.878841944667063E-03 1.00000000E+36 /-DJK
         2000   4.084991014337208E-03 1.00000000E+36 /-DK
        40100  -1.629598783675008E-05 1.00000000E+36 /d1
        50000  -5.172951804867495E-05 1.00000000E+36 /d2
