asym                                                  Tue Aug 27 19:53:24 2024

-------------------------------------------------------------------------------------=========
                                              obs         o-c     error     blends     Notes
                                                                         o-c      wt
    / instead of : below denotes (o-c)>3*err
-------------------------------------------------------------------------------------=========
   1:  5  4  1  5    4  3  2  4              26592.7714   0.0005  0.001               
   2:  5  4  1  6    4  3  2  5              26592.9473   0.0004  0.001               
   3:  5  4  1  4    4  3  2  3              26592.9627   0.0004  0.001               
   4: 11  2  9 11   10  5  6 10              26650.3557  -0.0059  0.007               
   5: 11  2  9 12   10  5  6 11              26650.7953   0.0006  0.002               
   6: 11  2  9 10   10  5  6  9              26650.8253  -0.0070  0.008               
   7: 10  0 10 10    9  1  9  9              26678.7985  -0.0000  0.001               
   8: 10  0 10 11    9  1  9 10              26678.6948  -0.0132  0.015               
   9: 10  0 10  9    9  1  9  8              26678.7479  -0.0088  0.009               
  10: 10  1 10 11    9  0  9 10              26682.2160  -0.0052  0.006               
  11: 10  1 10  9    9  0  9  8              26682.2460   0.0028  0.003               
  12: 10  1 10 10    9  0  9  9              26682.2760  -0.0042  0.005               
  13: 10  1  9 10    9  4  6  9              27550.1764   0.0008  0.002               
  14: 10  1  9  9    9  4  6  8              27550.5576  -0.0003  0.001               
  15: 10  1  9 11    9  4  6 10              27550.5190  -0.0045  0.005               
  16: 19 10 10 19   19  9 11 19              27693.6224  -0.0005  0.001               
  17: 19 10 10 20   19  9 11 20              27693.6354   0.0001  0.001               
  18: 19 10 10 18   19  9 11 18              27693.6354  -0.0004  0.002               
  19: 18 10  8 18   18  9  9 18              27951.4081   0.0000  0.001               
  20: 18 10  8 17   18  9  9 17              27951.4166   0.0005  0.001   0.0008 0.50  
  21: 18 10  8 19   18  9  9 19              27951.4166   0.0010  0.001   0.0008 0.50  
  22:  8  3  6  7    7  2  5  6              28100.3754  -0.0001  0.002               
  23:  8  3  6  9    7  2  5  8              28100.4596  -0.0002  0.002               
  24:  8  3  6  8    7  2  5  7              28101.0779  -0.0004  0.001               
  25: 10  3  7 11    9  2  8 10              28579.5221   0.0001  0.001               
  26: 10  3  7  9    9  2  8  8              28579.5321   0.0079  0.009               
  27: 10  3  7 10    9  2  8  9              28579.6421   0.0025  0.003               
  28: 10  2  9  9    9  3  6  8              28718.7791   0.0038  0.005               
  29: 10  2  9 11    9  3  6 10              28718.7791   0.0015  0.002               
  30: 10  2  9 10    9  3  6  9              28718.9223  -0.0134  0.015               
  31: 15 10  5 16   15  9  6 16              28869.5662   0.0001  0.001               
  32: 15 10  5 15   15  9  6 15              28869.4827  -0.0000  0.001               
  33: 15 10  5 14   15  9  6 14              28869.5718   0.0002  0.001               
  34: 15 10  6 16   15  9  7 16              28873.2562  -0.0090  0.010               
  35: 15 10  6 14   15  9  7 14              28873.2711   0.0002  0.001               
  36: 15 10  6 15   15  9  7 15              28873.1810  -0.0000  0.001               
  37:  6  3  3  6    5  2  4  5              28890.5831   0.0025  0.003               
  38:  6  3  3  7    5  2  4  6              28891.6545   0.0026  0.003               
  39:  6  3  3  5    5  2  4  4              28891.8486  -0.0027  0.003               
  40: 11  0 11 10   10  1 10  9              29249.7362  -0.0145  0.015               
  41: 11  0 11 11   10  1 10 10              29249.7803  -0.0003  0.001               
  42: 11  0 11 12   10  1 10 11              29249.7362   0.0018  0.002               
  43: 11  1 11 11   10  0 10 10              29251.0407  -0.0003  0.001               
  44: 11  1 11 10   10  0 10  9              29250.9974  -0.0133  0.015               
  45: 11  1 11 12   10  0 10 11              29250.9974   0.0029  0.003               
  46:  6  4  3  5    5  3  2  4              29302.5141   0.0006  0.001               
  47:  6  4  3  7    5  3  2  6              29302.5520   0.0005  0.001               
  48:  6  4  3  6    5  3  2  5              29302.6762   0.0000  0.001               
  49: 12 10  2 11   12  9  3 11              29323.8333  -0.0024  0.003               
  50: 12 10  2 12   12  9  3 12              29323.6465  -0.0026  0.003               
  51: 12 10  2 13   12  9  3 13              29323.8233   0.0019  0.002               
  52: 12 10  3 11   12  9  4 11              29323.8733  -0.0038  0.005               
  53: 12 10  3 12   12  9  4 12              29323.6865  -0.0040  0.005               
  54: 12 10  3 13   12  9  4 13              29323.8533  -0.0094  0.010               
  55: 11 10  2 11   11  9  3 11              29415.7551  -0.0029  0.004   0.0001 0.50  
  56: 11 10  1 11   11  9  2 11              29415.7551   0.0031  0.004   0.0001 0.50  
  57: 11 10  1 10   11  9  2 10              29415.9866   0.0020  0.003               
  58: 11 10  2 10   11  9  3 10              29415.9866  -0.0040  0.005               
  59: 11 10  2 12   11  9  3 12              29415.9666  -0.0046  0.005               
  60: 11 10  1 12   11  9  2 12              29415.9566  -0.0085  0.009               
  61: 10 10  0  9   10  9  1  9              29486.8182   0.0003  0.001               
  62: 10 10  0 10   10  9  1 10              29486.5273   0.0000  0.001               
  63: 10 10  0 11   10  9  1 11              29486.7887  -0.0026  0.004               
  64: 10 10  1  9   10  9  2  9              29486.8189   0.0004  0.001               
  65: 10 10  1 10   10  9  2 10              29486.5279   0.0000  0.001               
  66: 10 10  1 11   10  9  2 11              29486.7887  -0.0032  0.004               
  67:  5  5  1  5    4  4  0  4              29639.7586  -0.0037  0.004               
  68:  5  5  1  4    4  4  0  3              29639.7886   0.0042  0.005               
  69:  5  5  1  6    4  4  0  5              29639.8186  -0.0026  0.003               
  70:  5  5  0  5    4  4  1  4              29642.5553  -0.0065  0.007               
  71:  5  5  0  4    4  4  1  3              29642.5753  -0.0132  0.014               
  72:  5  5  0  6    4  4  1  5              29642.6153  -0.0091  0.010               
  73: 10  4  6 11    9  3  7 10              29739.9293  -0.0021  0.003               
  74: 10  4  6  9    9  3  7  8              29739.9293  -0.0061  0.007               
  75: 10  4  6 10    9  3  7  9              29739.9293  -0.0134  0.015               
  76:  9  3  7  8    8  2  6  7              29793.1360  -0.0061  0.007               
  77:  9  3  7 10    8  2  6  9              29793.1694   0.0065  0.007               
  78:  9  3  7  9    8  2  6  8              29793.6955   0.0025  0.003               
  79:  6  4  2  6    5  3  3  5              29897.1509   0.0010  0.002               
  80:  6  4  2  7    5  3  3  6              29897.4156   0.0103  0.012               
  81:  6  4  2  5    5  3  3  4              29897.4453   0.0016  0.002               
  82: 20 11  9 21   20 10 10 21              30907.6065   0.0032  0.004               
  83: 20 11  9 20   20 10 10 20              30907.5933  -0.0002  0.001               
  84: 20 11  9 19   20 10 10 19              30907.6065   0.0027  0.003               
  85: 20 11 10 20   20 10 11 20              30970.0391  -0.0003  0.001               
  86: 20 11 10 19   20 10 11 19              30970.0546  -0.0051  0.005  -0.0046 0.50  
  87: 20 11 10 21   20 10 11 21              30970.0546  -0.0041  0.005  -0.0046 0.50  
  88: 11  3  8 12   10  2  9 11              31184.7740   0.0002  0.001               
  89: 11  3  8 10   10  2  9  9              31184.7740  -0.0024  0.003               
  90: 11  3  8 11   10  2  9 10              31184.8740  -0.0070  0.008               
  91: 11  2 10 12   10  3  7 11              31242.2732   0.0038  0.004               
  92: 11  2 10 10   10  3  7  9              31242.2732   0.0028  0.003               
  93: 11  2 10 11   10  3  7 10              31242.3887  -0.0040  0.005               
  94: 10  3  8 11    9  2  7 10              31644.2235   0.0003  0.001               
  95: 10  3  8  9    9  2  7  8              31644.1939   0.0086  0.009               
  96: 10  3  8 10    9  2  7  9              31644.6121  -0.0076  0.008               
  97: 12  2 10 12   11  1 11 11              31820.1232  -0.0000  0.001               
  98: 12  2 10 11   11  1 11 10              31820.0909  -0.0070  0.008  -0.0000 0.50  
  99: 12  2 10 13   11  1 11 12              31820.0909   0.0070  0.008  -0.0000 0.50  
 100: 12  1 12 13   11  0 11 12              31820.5382   0.0093  0.010               
 101: 12  1 12 11   11  0 11 10              31820.5382  -0.0048  0.005               
 102: 12  1 12 12   11  0 11 11              31820.5684  -0.0000  0.001               
 103:  7  4  4  6    6  3  3  5              31831.3884   0.0000  0.001               
 104:  7  4  4  8    6  3  3  7              31831.4468  -0.0001  0.001               
 105:  7  4  4  7    6  3  3  6              31831.7609  -0.0007  0.001               
 106: 11  1 10 11   10  4  7 10              31924.5080   0.0068  0.007               
 107: 11  1 10 12   10  4  7 11              31924.7426   0.0078  0.008               
 108: 11  1 10 10   10  4  7  9              31924.7426  -0.0140  0.015               
 109: 14 11  3 15   14 10  4 15              32335.1236  -0.0026  0.003               
 110: 14 11  4 15   14 10  5 15              32335.1549  -0.0025  0.003               
 111: 14 11  3 14   14 10  4 14              32334.9896   0.0001  0.001               
 112: 14 11  4 13   14 10  5 13              32335.1670  -0.0002  0.001               
 113: 14 11  3 13   14 10  4 13              32335.1345  -0.0014  0.002               
 114: 14 11  4 14   14 10  5 14              32335.0208   0.0000  0.001               
 115: 13 11  2 13   13 10  3 13              32443.6326   0.0004  0.001               
 116: 13 11  3 13   13 10  4 13              32443.6458   0.0082  0.009               
 117: 13 11  2 14   13 10  3 14              32443.7986   0.0001  0.001               
 118: 13 11  3 14   13 10  4 14              32443.8040   0.0001  0.001               
 119: 13 11  3 12   13 10  4 12              32443.8145  -0.0021  0.003               
 120: 13 11  2 12   13 10  3 12              32443.8145   0.0032  0.004               
 121: 12 11  2 12   12 10  3 12              32530.3129  -0.0015  0.002  -0.0012 0.50  
 122: 12 11  1 12   12 10  2 12              32530.3129  -0.0008  0.002  -0.0012 0.50  
 123: 12 11  1 13   12 10  2 13              32530.5136  -0.0017  0.002               
 124: 12 11  2 13   12 10  3 13              32530.5136  -0.0024  0.003               
 125: 12 11  1 11   12 10  2 11              32530.5271  -0.0050  0.006  -0.0054 0.50  
 126: 12 11  2 11   12 10  3 11              32530.5271  -0.0057  0.006  -0.0054 0.50  
 127: 11 11  1 11   11 10  2 11              32598.4828   0.0003  0.001   0.0004 0.50  
 128: 11 11  0 11   11 10  1 11              32598.4828   0.0004  0.001   0.0004 0.50  
 129: 11 11  0 12   11 10  1 12              32598.7274   0.0000  0.001               
 130: 11 11  0 10   11 10  1 10              32598.7484  -0.0012  0.002  -0.0013 0.50  
 131: 11 11  1 10   11 10  2 10              32598.7484  -0.0013  0.002  -0.0013 0.50  
 132: 11 11  1 12   11 10  2 12              32598.7274   0.0000  0.001               
 133:  6  5  2  6    5  4  1  5              32750.5832   0.0071  0.008               
 134:  6  5  2  7    5  4  1  6              32750.6445  -0.0062  0.007               
 135:  6  5  2  5    5  4  1  4              32750.6431  -0.0005  0.001               
 136: 11  4  7 10   10  3  8  9              32759.7356  -0.0092  0.010               
 137: 11  4  7 12   10  3  8 11              32759.7456  -0.0006  0.001               
 138: 11  4  7 11   10  3  8 10              32759.8283   0.0057  0.006               
 139:  6  5  1  5    5  4  2  4              32775.8831   0.0018  0.002               
 140:  6  5  1  6    5  4  2  5              32775.7931   0.0064  0.007               
 141:  6  5  1  7    5  4  2  6              32775.8962   0.0124  0.013               
 142: 15  0 15 15   14  7  8 14              32977.2105  -0.0027  0.004               
 143: 15  0 15 14   14  7  8 13              32977.5929   0.0002  0.001               
 144: 15  0 15 16   14  7  8 15              32977.5725   0.0024  0.003               
 145:  7  4  3  7    6  3  4  6              33481.6458  -0.0084  0.009               
 146:  7  4  3  8    6  3  4  7              33482.0552   0.0046  0.006               
 147:  7  4  3  6    6  3  4  5              33482.1150   0.0069  0.008               
 148: 18  4 15 18   18  1 18 18              33617.5677  -0.0017  0.003               
 149: 18  3 15 18   18  2 16 18              33617.5677   0.0141  0.015               
 150: 18  4 15 19   18  1 18 19              33618.1034   0.0146  0.015   0.0003 0.50  
 151: 18  4 15 17   18  1 18 17              33618.1034  -0.0141  0.015   0.0003 0.50  
 152: 18  3 15 17   18  2 16 17              33618.1034   0.0017  0.002               
 153: 18  3 15 19   18  2 16 19              33618.0728  -0.0000  0.001               
 154: 11  3  9 10   10  4  6  9              33729.6897   0.0169  0.018               
 155: 11  3  9 12   10  4  6 11              33729.6897  -0.0047  0.005               
 156: 11  3  9 11   10  4  6 10              33729.9764  -0.0005  0.001               
 157: 12  3  9 11   11  2 10 10              33768.2947  -0.0037  0.005               
 158: 12  3  9 13   11  2 10 12              33768.2947  -0.0002  0.001               
 159: 12  3  9 12   11  2 10 11              33768.3993   0.0090  0.010               
 160: 12  2 11 11   11  3  8 10              33791.2573  -0.0036  0.004               
 161: 12  2 11 13   11  3  8 12              33791.2573  -0.0009  0.002               
 162: 12  2 11 12   11  3  8 11              33791.3621   0.0026  0.003               
 163:  8  4  5  7    7  3  4  6              33941.1956   0.0007  0.001               
 164:  8  4  5  9    7  3  4  8              33941.2688   0.0030  0.004               
 165:  8  4  5  8    7  3  4  7              33941.7503   0.0083  0.010               
 166:  7  3  4  7    6  2  5  6              34129.5005  -0.0017  0.003               
 167:  7  3  4  8    6  2  5  7              34130.8424  -0.0004  0.001               
 168:  7  3  4  6    6  2  5  5              34131.0553   0.0011  0.002               
 169: 13  2 11 14   12  1 12 13              34390.1635  -0.0067  0.007               
 170: 13  2 11 12   12  1 12 11              34390.1827   0.0000  0.001               
 171: 13  2 11 13   12  1 12 12              34390.2035  -0.0007  0.001               
 172: 13  1 13 14   12  2 10 13              34390.3306   0.0051  0.006               
 173: 13  1 13 12   12  2 10 11              34390.3406   0.0027  0.003               
 174: 13  1 13 13   12  2 10 12              34390.3595   0.0000  0.001               
 175: 16 12  4 16   16 11  5 16              35335.9760  -0.0081  0.009               
 176: 16 12  5 16   16 11  6 16              35336.0066   0.0003  0.001               
 177: 16 12  5 17   16 11  6 17              35336.1182   0.0001  0.001               
 178: 16 12  4 17   16 11  5 17              35336.0934  -0.0025  0.003               
 179: 16 12  5 15   16 11  6 15              35336.1251   0.0000  0.001               
 180: 16 12  4 15   16 11  5 15              35336.0934  -0.0095  0.010               
 181: 14  1 13 14   13  6  8 13              35417.8882  -0.0010  0.002               
 182: 14  1 13 15   13  6  8 14              35418.3318   0.0001  0.001               
 183: 14  1 13 13   13  6  8 12              35418.3623  -0.0000  0.001               
 184: 15 12  4 15   15 11  5 15              35459.9886   0.0024  0.003               
 185: 15 12  3 15   15 11  4 15              35459.9817  -0.0002  0.001               
 186: 15 12  4 14   15 11  5 14              35460.1263  -0.0030  0.004               
 187: 15 12  3 14   15 11  4 14              35460.1263   0.0011  0.002               
 188: 15 12  3 16   15 11  4 16              35460.1163   0.0001  0.001               
 189: 15 12  4 16   15 11  5 16              35460.1263   0.0059  0.006               
 190: 12  4  8 13   11  3  9 12              35561.1013   0.0000  0.001               
 191: 12  4  8 11   11  3  9 10              35561.0923  -0.0059  0.007               
 192: 12  4  8 12   11  3  9 11              35561.1974  -0.0079  0.008               
 193: 14 12  2 14   14 11  3 14              35561.7116  -0.0019  0.003  -0.0023 0.50  
 194: 14 12  3 14   14 11  4 14              35561.7116  -0.0026  0.003  -0.0023 0.50  
 195: 14 12  2 15   14 11  3 15              35561.8735  -0.0002  0.001               
 196: 14 12  3 13   14 11  4 13              35561.8830  -0.0028  0.003               
 197: 14 12  3 15   14 11  4 15              35561.8735  -0.0009  0.001               
 198: 14 12  2 13   14 11  3 13              35561.8830  -0.0021  0.003               
 199: 19  4 16 19   19  1 19 19              35567.8096  -0.0005  0.001               
 200: 19  3 16 19   19  2 17 19              35567.8096   0.0050  0.006               
 201: 19  3 16 20   19  2 17 20              35568.2993   0.0004  0.001               
 202: 19  4 16 20   19  1 19 20              35568.3135   0.0090  0.010               
 203: 19  3 16 18   19  2 17 18              35568.3252   0.0004  0.001               
 204: 19  4 16 18   19  1 19 18              35568.3252  -0.0052  0.006               
 205: 13 12  1 13   13 11  2 13              35644.3190   0.0003  0.001   0.0003 0.50  
 206: 13 12  2 13   13 11  3 13              35644.3190   0.0002  0.001   0.0003 0.50  
 207: 13 12  2 12   13 11  3 12              35644.5326   0.0081  0.009               
 208: 13 12  1 14   13 11  2 14              35644.5098   0.0001  0.001   0.0001 0.50  
 209: 13 12  2 14   13 11  3 14              35644.5098   0.0000  0.001   0.0001 0.50  
 210: 13 12  1 12   13 11  2 12              35644.5326   0.0082  0.009               
 211:  9  4  6  8    8  3  5  7              35665.6622  -0.0005  0.001               
 212:  9  4  6 10    8  3  5  9              35665.7351  -0.0001  0.001               
 213:  9  4  6  9    8  3  5  8              35666.3081   0.0018  0.003               
 214: 12 12  1 12   12 11  2 12              35710.5638   0.0002  0.001   0.0003 0.50  
 215: 12 12  0 12   12 11  1 12              35710.5638   0.0002  0.001   0.0003 0.50  
 216: 12 12  1 13   12 11  2 13              35710.7919   0.0000  0.001               
 217: 12 12  1 11   12 11  2 11              35710.8025  -0.0084  0.009               
 218: 12 12  0 13   12 11  1 13              35710.7919   0.0000  0.001               
 219: 12 12  0 11   12 11  1 11              35710.8025  -0.0084  0.009               
 220:  7  5  3  7    6  4  2  6              35804.2414  -0.0002  0.001               
 221:  7  5  3  8    6  4  2  7              35804.2727   0.0001  0.001               
 222:  7  5  3  6    6  4  2  5              35804.2727   0.0067  0.008               
 223: 12  1 11 12   11  4  8 11              35852.7139  -0.0061  0.007               
 224: 12  1 11 13   11  4  8 12              35852.8333   0.0080  0.009               
 225: 12  1 11 11   11  4  8 10              35852.8433   0.0079  0.009               
 226:  6  6  1  5    5  5  0  4              35880.4309   0.0060  0.007               
 227:  6  6  1  6    5  5  0  5              35880.4058  -0.0002  0.001               
 228:  6  6  1  7    5  5  0  6              35880.4507  -0.0004  0.001               
 229:  6  6  0  7    5  5  1  6              35880.7704  -0.0045  0.005               
 230:  6  6  0  5    5  5  1  4              35880.7484  -0.0002  0.001               
 231:  6  6  0  6    5  5  1  5              35880.7292  -0.0002  0.001               
 232:  7  5  2  6    6  4  3  5              35928.5158  -0.0017  0.002               
 233:  7  5  2  7    6  4  3  6              35928.3998  -0.0001  0.001               
 234:  7  5  2  8    6  4  3  7              35928.5055  -0.0044  0.005               
 235: 12  3 10 11   11  4  7 10              36020.6507   0.0000  0.001               
 236: 12  3 10 13   11  4  7 12              36020.6626   0.0000  0.001               
 237: 12  3 10 12   11  4  7 11              36020.8652  -0.0002  0.001               
 238: 13  3 10 12   12  2 11 11              36342.6930  -0.0001  0.001               
 239: 13  3 10 14   12  2 11 13              36342.6823  -0.0058  0.006               
 240: 13  3 10 13   12  2 11 12              36342.7724  -0.0001  0.001               
 241: 13  2 12 12   12  3  9 11              36351.6171  -0.0074  0.008               
 242: 13  2 12 14   12  3  9 13              36351.6171  -0.0037  0.004               
 243: 13  2 12 13   12  3  9 12              36351.7066  -0.0001  0.001               
 244: 13  0 13 13   12  5  8 12              36764.9974   0.0000  0.001               
 245: 13  0 13 12   12  5  8 11              36765.3550  -0.0090  0.010               
 246: 13  0 13 14   12  5  8 13              36765.3380  -0.0001  0.001               
 247: 14  2 12 13   13  1 13 12              36960.1556   0.0098  0.010               
 248: 14  2 12 15   13  1 13 14              36960.1348  -0.0000  0.001               
 249: 14  2 12 14   13  1 13 13              36960.1556  -0.0087  0.009               
 250: 14  1 14 15   13  2 11 14              36960.1930   0.0045  0.005               
 251: 14  1 14 14   13  2 11 13              36960.2178  -0.0001  0.001               
 252: 14  1 14 13   13  2 11 12              36960.1990  -0.0003  0.001               
 253: 21  6 15 21   21  3 18 21              36989.5395  -0.0026  0.003               
 254: 21  5 17 21   21  4 18 21              36989.5757   0.0001  0.001               
 255: 21  6 15 22   21  3 18 22              36989.9766  -0.0003  0.001               
 256: 21  5 17 20   21  4 18 20              36990.0306  -0.0004  0.001               
 257: 21  5 17 22   21  4 18 22              36990.0107   0.0003  0.001               
 258: 21  6 15 20   21  3 18 20              36989.9972  -0.0003  0.001               
 259: 10  4  7  9    9  1  8  8              37121.3441  -0.0000  0.001               
 260: 10  4  7 11    9  1  8 10              37121.4103   0.0003  0.001               
 261: 10  4  7 10    9  1  8  9              37122.0059  -0.0000  0.001               
 262: 20  3 17 20   20  2 18 20              37517.4991   0.0005  0.001               
 263: 20  4 17 20   20  1 20 20              37517.4991  -0.0014  0.002               
 264: 20  4 17 19   20  1 20 19              37517.9950  -0.0006  0.001               
 265: 20  4 17 21   20  1 20 21              37517.9726   0.0005  0.001               
 266: 20  3 17 19   20  2 18 19              37517.9838  -0.0098  0.010               
 267: 20  3 17 21   20  2 18 21              37517.9838   0.0136  0.015               
 268:  8  4  4  8    7  3  5  7              37573.5996  -0.0036  0.004               
 269:  8  4  4  9    7  3  5  8              37574.2227   0.0113  0.012               
 270:  8  4  4  7    7  3  5  6              37574.2982   0.0073  0.008               
 271: 19 13  6 19   19 12  7 19              38164.1617   0.0030  0.004               
 272: 19 13  7 19   19 12  8 19              38164.2227   0.0002  0.001               
 273: 19 13  7 18   19 12  8 18              38164.3000  -0.0042  0.005               
 274: 19 13  6 20   19 12  7 20              38164.2330  -0.0033  0.004               
 275: 19 13  6 18   19 12  7 18              38164.2406   0.0001  0.001               
 276: 19 13  7 20   19 12  8 20              38164.3002   0.0000  0.001               
 277: 13  4  9 14   12  3 10 13              38239.2545  -0.0046  0.005               
 278: 13  4  9 12   12  3 10 11              38239.2545  -0.0018  0.002               
 279: 13  4  9 13   12  3 10 12              38239.3746   0.0056  0.006               
 280: 18 13  5 18   18 12  6 18              38328.0270  -0.0036  0.004               
 281: 18 13  6 18   18 12  7 18              38328.0470   0.0014  0.002               
 282: 18 13  5 19   18 12  6 19              38328.1311   0.0070  0.008               
 283: 18 13  5 17   18 12  6 17              38328.1294   0.0001  0.001               
 284: 18 13  6 19   18 12  7 19              38328.1471   0.0080  0.009               
 285: 18 13  6 17   18 12  7 17              38328.1443   0.0001  0.001               
 286: 13  3 11 12   12  4  8 11              38445.5547  -0.0053  0.006               
 287: 13  3 11 14   12  4  8 13              38445.5715   0.0050  0.006               
 288: 13  3 11 13   12  4  8 12              38445.7206   0.0003  0.001               
 289: 17 13  4 17   17 12  5 17              38466.2663  -0.0075  0.008               
 290: 17 13  5 17   17 12  6 17              38466.2763  -0.0006  0.001               
 291: 17 13  4 16   17 12  5 16              38466.4003   0.0088  0.009               
 292: 17 13  5 16   17 12  6 16              38466.4003   0.0057  0.006               
 293: 17 13  4 18   17 12  5 18              38466.3903   0.0053  0.006               
 294: 17 13  5 18   17 12  6 18              38466.3903   0.0022  0.003               
 295: 11  4  8 10   10  1  9  9              38471.5529  -0.0002  0.001               
 296: 11  4  8 12   10  1  9 11              38471.6072  -0.0000  0.001               
 297: 11  4  8 11   10  1  9 10              38472.1655   0.0021  0.003               
 298: 16  0 16 16   15  7  9 15              38569.4448  -0.0050  0.006               
 299: 16  0 16 17   15  7  9 16              38569.8808   0.0031  0.004               
 300: 16  0 16 15   15  7  9 14              38569.9030   0.0002  0.001               
 301: 16 13  4 16   16 12  5 16              38582.1633  -0.0038  0.005               
 302: 16 13  3 16   16 12  4 16              38582.1633  -0.0032  0.004               
 303: 16 13  4 15   16 12  5 15              38582.3014  -0.0049  0.005  -0.0047 0.50  
 304: 16 13  3 15   16 12  4 15              38582.3014  -0.0044  0.005  -0.0047 0.50  
 305: 16 13  3 17   16 12  4 17              38582.2932  -0.0044  0.005               
 306: 16 13  4 17   16 12  5 17              38582.2932  -0.0049  0.006               
 307: 15 13  2 15   15 12  3 15              38678.5809   0.0001  0.001               
 308: 15 13  3 15   15 12  4 15              38678.5810   0.0001  0.001               
 309: 15 13  3 16   15 12  4 16              38678.7350   0.0000  0.001               
 310: 15 13  2 16   15 12  3 16              38678.7349   0.0000  0.001               
 311: 15 13  2 14   15 12  3 14              38678.7475   0.0023  0.003   0.0023 0.50  
 312: 15 13  3 14   15 12  4 14              38678.7475   0.0022  0.003   0.0023 0.50  
 313:  8  5  4  9    7  4  3  8              38714.2145  -0.0056  0.006               
 314:  8  5  4  7    7  4  3  6              38714.2051  -0.0003  0.001               
 315:  8  5  4  8    7  4  3  7              38714.2837   0.0019  0.003               
 316: 14 13  2 14   14 12  3 14              38758.0615   0.0002  0.001   0.0003 0.50  
 317: 14 13  1 14   14 12  2 14              38758.0615   0.0003  0.001   0.0003 0.50  
 318: 14 13  2 13   14 12  3 13              38758.2561   0.0007  0.001   0.0007 0.50  
 319: 14 13  1 13   14 12  2 13              38758.2561   0.0007  0.001   0.0007 0.50  
 320: 14 13  2 15   14 12  3 15              38758.2425   0.0000  0.001   0.0000 0.50  
 321: 14 13  1 15   14 12  2 15              38758.2425   0.0000  0.001   0.0000 0.50  
 322: 13 13  0 13   13 12  1 13              38822.8783  -0.0027  0.003  -0.0027 0.50  
 323: 13 13  1 13   13 12  2 13              38822.8783  -0.0027  0.003  -0.0027 0.50  
 324: 13 13  1 14   13 12  2 14              38823.1009   0.0061  0.007               
 325: 13 13  1 12   13 12  2 12              38823.1009  -0.0103  0.011               
 326: 13 13  0 14   13 12  1 14              38823.1009   0.0061  0.007               
 327: 13 13  0 12   13 12  1 12              38823.1009  -0.0103  0.011               
 328: 14  3 11 13   13  2 12 12              38913.5059   0.0030  0.004               
 329: 14  3 11 15   13  2 12 14              38913.5059   0.0063  0.007               
 330: 14  3 11 14   13  2 12 13              38913.5801   0.0077  0.008               
 331: 14  2 13 13   13  3 10 12              38916.9014  -0.0005  0.001   0.0002 0.50  
 332: 14  2 13 15   13  3 10 14              38916.9014   0.0009  0.001   0.0002 0.50  
 333: 14  2 13 14   13  3 10 13              38916.9730   0.0003  0.001               
 334:  7  6  2  7    6  5  1  6              39003.5958  -0.0037  0.004               
 335:  7  6  2  8    6  5  1  7              39003.6789   0.0099  0.010               
 336:  7  6  2  6    6  5  1  5              39003.6689   0.0055  0.006               
 337:  7  6  1  7    6  5  2  6              39007.1623   0.0041  0.005               
 338:  7  6  1  6    6  5  2  5              39007.2285   0.0032  0.004               
 339:  7  6  1  8    6  5  2  7              39007.2385   0.0080  0.009               
 340:  8  5  3  8    7  4  4  7              39151.6637   0.0009  0.002               
 341:  8  5  3  7    7  4  4  6              39151.8175   0.0009  0.002               
 342:  8  5  3  9    7  4  4  8              39151.8042   0.0009  0.002               
 343: 13  1 12 14   12  4  9 13              39309.9317   0.0080  0.009   0.0080 0.50  
 344: 13  1 12 12   12  4  9 11              39309.9317   0.0080  0.009   0.0080 0.50  
 345: 13  1 12 13   12  4  9 12              39309.9317   0.0098  0.010               
 346: 15  1 15 16   14  2 12 15              39530.0390   0.0012  0.002               
 347: 15  2 13 14   14  1 14 13              39530.0390   0.0099  0.010               
 348: 15  2 13 16   14  1 14 15              39530.0193  -0.0001  0.001               
 349: 15  1 15 15   14  2 12 14              39530.0635  -0.0001  0.001               
 350: 15  1 15 14   14  2 12 13              39530.0390  -0.0084  0.009               
 351: 15  2 13 15   14  1 14 14              39530.0390  -0.0063  0.007               
 352: 12  4  9 11   11  1 10 10              39907.2307   0.0058  0.006               
 353: 12  4  9 13   11  1 10 12              39907.2648   0.0007  0.001               
 354: 12  4  9 12   11  1 10 11              39907.7298   0.0021  0.003               
--------------------------------------------------------------------------------

PARAMETERS IN FIT (values truncated and Nlines statistics):

        10000            A  /MHz         3119.733675(16)                       1
        20000            B  /MHz         1802.360707(17)                       2
        30000            C  /MHz         1285.295644(16)                       3
    110010000    1.5chi.aa  /MHz            2.6310(22)                         4
    110040000   0.25chi.bb  /MHz            1.43376(65)                        5
    110610000       chi.ab  /MHz          [-0.043678049]                       6
    110410000       chi.ac  /MHz         [-10.124729585]                       7
    110210000       chi.bc  /MHz          [ 2.931074649]                       8
          200           DJ  /kHz            0.153638(45)                       9
         1100          DJK  /kHz            4.878842(52)                      10
         2000           DK  /kHz           -4.084991(76)                      11
        40100           d1  /kHz           -0.016296(14)                      12
        50000           d2  /kHz           -0.0517295(37)                     13

 MICROWAVE AVG =       -0.000174 MHz, IR AVG =        0.00000                 
 MICROWAVE RMS =        0.004910 MHz, IR RMS =        0.00000                 
 END OF ITERATION  1 OLD, NEW RMS ERROR=        0.69995         0.69995       

  distinct frequency lines in fit:   297
       distinct parameters of fit:    10

                                    upper state  lower state         overall
      limits of quantum number  1:      5   21       4   21           4   21
      limits of quantum number  2:      0   13       0   12           0   13
      limits of quantum number  3:      0   17       0   20           0   20
      limits of quantum number  4:      4   22       3   22           3   22

                  frequency range:       26592        39907

 FRAC<0 was used so that the errors above are  1.0000 times the standard error
 Standard errors are obtained by muliplying the previous errors by:   1.000000

 NOTE: the standard errors as printed below may not be exact. Please read
       the comments on negative FRAC in the Crib_sheet.


 PARAMETERS IN FIT WITH STANDARD ERRORS ON THOSE THAT ARE FITTED:
 (values rounded and degrees of freedom, Ndegf=Nlines-Nconst, statistics)

        10000            A  /MHz         3119.733676(16)                       1
        20000            B  /MHz         1802.360708(17)                       2
        30000            C  /MHz         1285.295645(16)                       3
    110010000    1.5chi.aa  /MHz            2.6310(22)                         4
    110040000   0.25chi.bb  /MHz            1.43376(65)                        5
    110610000       chi.ab  /MHz          [-0.043678049]                       6
    110410000       chi.ac  /MHz         [-10.124729585]                       7
    110210000       chi.bc  /MHz          [ 2.931074649]                       8
          200           DJ  /kHz            0.153638(45)                       9
         1100          DJK  /kHz            4.878842(52)                      10
         2000           DK  /kHz           -4.084991(76)                      11
        40100           d1  /kHz           -0.016296(14)                      12
        50000           d2  /kHz           -0.0517295(37)                     13

 CORRELATION COEFFICIENTS, C.ij:

           A        B        C        1.5chi.a 0.25chi. -DJ      -DJK     -DK     

A           1.0000
B           0.3800   1.0000
C           0.0046   0.5300   1.0000
1.5chi.aa   0.0137  -0.0347  -0.0377   1.0000
0.25chi.bb -0.0040  -0.0883   0.0511   0.3590   1.0000
-DJ        -0.1916  -0.8349  -0.8485   0.0442   0.0040   1.0000
-DJK       -0.2361   0.0227   0.1546   0.0069  -0.0374  -0.1179   1.0000
-DK        -0.4707   0.3254   0.5169  -0.0207   0.0059  -0.4657  -0.3750   1.0000
d1         -0.2008  -0.5186   0.3517   0.0170   0.0801   0.0753   0.2338  -0.0579
d2          0.2151  -0.3180  -0.0177   0.0499  -0.0240   0.1641   0.4677  -0.5757

           d1       d2      

d1          1.0000
d2          0.6516   1.0000

 Mean value of |C.ij|, i.ne.j =   0.2267
 Mean value of  C.ij,  i.ne.j =  -0.0167


 No correlations with absolute value greater than 0.9950


 Worst fitted lines (obs-calc/error):

   335:    1.0        347:    1.0        192:   -1.0        189:    1.0
   247:    1.0        266:   -1.0        345:    1.0        291:    1.0
     9:   -1.0        107:    1.0        106:    1.0         40:   -1.0
   249:   -1.0         45:    1.0        239:   -1.0        352:    1.0
   330:    1.0        101:   -1.0        169:   -1.0         95:    1.0
   141:    1.0        138:    1.0        292:    1.0         96:   -0.9
   180:   -0.9         51:    0.9         91:    0.9         60:   -0.9
    71:   -0.9        269:    0.9        155:   -0.9         54:   -0.9
   303:   -0.9        149:    0.9        154:    0.9        289:   -0.9
   327:   -0.9        325:   -0.9         92:    0.9        219:   -0.9
   145:   -0.9        350:   -0.9        279:    0.9        217:   -0.9
   196:   -0.9        313:   -0.9         11:    0.9        108:   -0.9
   100:    0.9         86:   -0.9

   335:  7  6  2  8    6  5  1  7              39003.6789   0.0099  0.010
   347: 15  2 13 14   14  1 14 13              39530.0390   0.0099  0.010
   192: 12  4  8 12   11  3  9 11              35561.1974  -0.0079  0.008
   189: 15 12  4 16   15 11  5 16              35460.1263   0.0059  0.006
   247: 14  2 12 13   13  1 13 12              36960.1556   0.0098  0.010
   266: 20  3 17 19   20  2 18 19              37517.9838  -0.0098  0.010
   345: 13  1 12 13   12  4  9 12              39309.9317   0.0098  0.010
   291: 17 13  4 16   17 12  5 16              38466.4003   0.0088  0.009
     9: 10  0 10  9    9  1  9  8              26678.7479  -0.0088  0.009
   107: 11  1 10 12   10  4  7 11              31924.7426   0.0078  0.008
                                           _____________________________________
__________________________________________/ SPFIT output reformatted with PIFORM

